************************ 1 1**************************
[[ 0.  2.  0.  0.  0.  0.]
 [ 0.  3.  6.  1.  0.  0.]
 [ 0.  9. 13.  2.  0.  0.]
 [ 0.  0.  5. 15.  1.  1.]
 [ 0.  0.  3.  4.  8.  0.]
 [ 0.  0.  0.  3.  2.  1.]]
[ 0.  3. 13. 15.  8.  1.]
************************ 1 2**************************
[[ 1.  0.  0.  0.  0.  0.]
 [ 4.  2.  3.  1.  0.  0.]
 [ 0.  4. 12.  7.  1.  0.]
 [ 0.  2.  2. 14.  3.  1.]
 [ 1.  4.  2.  4.  3.  0.]
 [ 0.  0.  1.  3.  2.  1.]]
[ 1.  2. 12. 14.  3.  1.]
************************ 2 1**************************
[[ 0.  2.  0.  0.  0.  0.]
 [ 0.  5.  5.  0.  0.  0.]
 [ 0.  5. 13.  6.  0.  0.]
 [ 0.  0.  5. 15.  2.  0.]
 [ 0.  0.  3.  6.  6.  0.]
 [ 0.  0.  0.  3.  2.  1.]]
[ 0.  5. 13. 15.  6.  1.]
************************ 2 2**************************
[[ 1.  0.  0.  0.  0.  0.]
 [ 4.  2.  2.  0.  2.  0.]
 [ 0.  4. 13.  3.  3.  0.]
 [ 0.  0.  4. 15.  3.  1.]
 [ 0.  0.  1.  2. 11.  0.]
 [ 0.  0.  0.  3.  1.  3.]]
[ 1.  2. 13. 15. 11.  3.]
************************ 3 1**************************
[[ 0.  2.  0.  0.  0.  0.]
 [ 0.  8.  2.  0.  0.  0.]
 [ 0.  1. 17.  3.  3.  0.]
 [ 0.  0.  5. 14.  3.  0.]
 [ 0.  0.  6.  5.  4.  0.]
 [ 0.  0.  0.  4.  2.  0.]]
[ 0.  8. 17. 14.  4.  0.]
************************ 3 2**************************
[[ 0.  1.  0.  0.  0.  0.]
 [ 0.  7.  2.  0.  1.  0.]
 [ 1.  2. 17.  2.  2.  0.]
 [ 0.  0.  4. 15.  2.  1.]
 [ 0.  0.  4.  4.  6.  0.]
 [ 0.  0.  0.  1.  3.  3.]]
[ 0.  7. 17. 15.  6.  3.]
************************ 4 1**************************
[[ 0.  2.  0.  0.  0.  0.]
 [ 0.  8.  2.  0.  0.  0.]
 [ 0.  2. 12.  8.  2.  0.]
 [ 0.  0.  5. 12.  5.  0.]
 [ 0.  0.  1.  6.  8.  0.]
 [ 0.  0.  0.  2.  2.  2.]]
[ 0.  8. 12. 12.  8.  2.]
************************ 4 2**************************
[[ 0.  1.  0.  0.  0.  0.]
 [ 0.  7.  3.  0.  0.  0.]
 [ 4.  5. 10.  4.  1.  0.]
 [ 0.  0.  2. 18.  1.  1.]
 [ 0.  1.  2.  4.  7.  0.]
 [ 0.  1.  0.  2.  0.  4.]]
[ 0.  7. 10. 18.  7.  4.]
************************ 5 1**************************
[[ 0.  2.  0.  0.  0.  0.]
 [ 0.  7.  1.  2.  0.  0.]
 [ 0.  2. 17.  2.  3.  0.]
 [ 0.  0.  1. 16.  3.  2.]
 [ 0.  0.  2.  8.  5.  0.]
 [ 0.  0.  0.  3.  2.  1.]]
[ 0.  7. 17. 16.  5.  1.]
************************ 5 2**************************
[[ 1.  0.  0.  0.  0.  0.]
 [ 1.  7.  1.  1.  0.  0.]
 [ 1.  4. 15.  4.  0.  0.]
 [ 0.  1.  4. 14.  3.  0.]
 [ 0.  0.  5.  2.  7.  0.]
 [ 0.  0.  0.  2.  1.  4.]]
[ 1.  7. 15. 14.  7.  4.]
1 1
[[ 0  2  0  0  0  0]
 [ 0  9  1  0  0  0]
 [ 0  7 16  0  0  1]
 [ 0  0  4 19  0  0]
 [ 0  0  0  4 10  1]
 [ 0  0  1  1  1  3]]
[[ 0.  2.  0.  0.  0.  0.]
 [ 0.  9.  1.  0.  0.  0.]
 [ 0.  7. 16.  0.  0.  1.]
 [ 0.  0.  4. 19.  0.  0.]
 [ 0.  0.  0.  4. 10.  1.]
 [ 0.  0.  1.  1.  1.  3.]]
[ 0.  9. 16. 19. 10.  3.]
Acc:  0.5932367149758454
CBA:  0.5208333333333333
1 2
[[ 1  0  0  0  0  0]
 [ 0  9  1  0  0  0]
 [ 0  1 20  3  0  0]
 [ 0  0  5 13  1  4]
 [ 0  0  4  1  9  0]
 [ 0  0  1  0  2  4]]
[[ 1.  0.  0.  0.  0.  0.]
 [ 0.  9.  1.  0.  0.  0.]
 [ 0.  1. 20.  3.  0.  0.]
 [ 0.  0.  5. 13.  1.  4.]
 [ 0.  0.  4.  1.  9.  0.]
 [ 0.  0.  1.  0.  2.  4.]]
[ 1.  9. 20. 13.  9.  4.]
Acc:  0.7521394064872325
CBA:  0.7088726374140117
2 1
[[ 0  2  0  0  0  0]
 [ 0  6  4  0  0  0]
 [ 0  0 20  4  0  0]
 [ 0  0  4 18  0  1]
 [ 0  0  2  4  9  0]
 [ 0  0  0  0  0  6]]
[[ 0.  2.  0.  0.  0.  0.]
 [ 0.  6.  4.  0.  0.  0.]
 [ 0.  0. 20.  4.  0.  0.]
 [ 0.  0.  4. 18.  0.  1.]
 [ 0.  0.  2.  4.  9.  0.]
 [ 0.  0.  0.  0.  0.  6.]]
[ 0.  6. 20. 18.  9.  6.]
Acc:  0.6359903381642512
CBA:  0.5693528693528693
2 2
[[ 1  0  0  0  0  0]
 [ 0  9  1  0  0  0]
 [ 0  1 22  0  0  1]
 [ 0  0  2 13  8  0]
 [ 0  0  0  1 12  1]
 [ 0  0  0  1  1  5]]
[[ 1.  0.  0.  0.  0.  0.]
 [ 0.  9.  1.  0.  0.  0.]
 [ 0.  1. 22.  0.  0.  1.]
 [ 0.  0.  2. 13.  8.  0.]
 [ 0.  0.  0.  1. 12.  1.]
 [ 0.  0.  0.  1.  1.  5.]]
[ 1.  9. 22. 13. 12.  5.]
Acc:  0.8255521048999309
CBA:  0.7718219461697723
3 1
[[ 0  2  0  0  0  0]
 [ 0  9  1  0  0  0]
 [ 0  1 22  0  1  0]
 [ 0  0  4 16  2  1]
 [ 0  0  3  4  8  0]
 [ 0  0  1  2  0  3]]
[[ 0.  2.  0.  0.  0.  0.]
 [ 0.  9.  1.  0.  0.  0.]
 [ 0.  1. 22.  0.  1.  0.]
 [ 0.  0.  4. 16.  2.  1.]
 [ 0.  0.  3.  4.  8.  0.]
 [ 0.  0.  1.  2.  0.  3.]]
[ 0.  9. 22. 16.  8.  3.]
Acc:  0.5909420289855073
CBA:  0.5314438211002025
3 2
[[ 0  1  0  0  0  0]
 [ 0  8  1  1  0  0]
 [ 0  0 21  2  1  0]
 [ 0  0  6 16  0  1]
 [ 0  0  2  5  7  0]
 [ 0  0  0  2  2  3]]
[[ 0.  1.  0.  0.  0.  0.]
 [ 0.  8.  1.  1.  0.  0.]
 [ 0.  0. 21.  2.  1.  0.]
 [ 0.  0.  6. 16.  0.  1.]
 [ 0.  0.  2.  5.  7.  0.]
 [ 0.  0.  0.  2.  2.  3.]]
[ 0.  8. 21. 16.  7.  3.]
Acc:  0.5498706004140786
CBA:  0.5073260073260073
4 1
[[ 0  2  0  0  0  0]
 [ 0  8  2  0  0  0]
 [ 0  1 21  2  0  0]
 [ 0  0  8 12  3  0]
 [ 0  0  2  4  9  0]
 [ 0  0  2  0  1  3]]
[[ 0.  2.  0.  0.  0.  0.]
 [ 0.  8.  2.  0.  0.  0.]
 [ 0.  1. 21.  2.  0.  0.]
 [ 0.  0.  8. 12.  3.  0.]
 [ 0.  0.  2.  4.  9.  0.]
 [ 0.  0.  2.  0.  1.  3.]]
[ 0.  8. 21. 12.  9.  3.]
Acc:  0.5494565217391304
CBA:  0.491501976284585
4 2
[[ 1  0  0  0  0  0]
 [ 0  5  5  0  0  0]
 [ 0  0 21  2  0  1]
 [ 0  0  1 20  1  1]
 [ 0  0  3  2  9  0]
 [ 0  0  0  0  1  6]]
[[ 1.  0.  0.  0.  0.  0.]
 [ 0.  5.  5.  0.  0.  0.]
 [ 0.  0. 21.  2.  0.  1.]
 [ 0.  0.  1. 20.  1.  1.]
 [ 0.  0.  3.  2.  9.  0.]
 [ 0.  0.  0.  0.  1.  6.]]
[ 1.  5. 21. 20.  9.  6.]
Acc:  0.7907608695652173
CBA:  0.7376984126984127
5 1
[[ 2  0  0  0  0  0]
 [ 0  7  2  1  0  0]
 [ 0  0 22  2  0  0]
 [ 0  0  6 16  0  1]
 [ 0  0  5  3  5  2]
 [ 0  0  0  4  0  2]]
[[ 2.  0.  0.  0.  0.  0.]
 [ 0.  7.  2.  1.  0.  0.]
 [ 0.  0. 22.  2.  0.  0.]
 [ 0.  0.  6. 16.  0.  1.]
 [ 0.  0.  5.  3.  5.  2.]
 [ 0.  0.  0.  4.  0.  2.]]
[ 2.  7. 22. 16.  5.  2.]
Acc:  0.6631642512077295
CBA:  0.6017704517704517
5 2
[[ 1  0  0  0  0  0]
 [ 0 10  0  0  0  0]
 [ 0  3 18  3  0  0]
 [ 0  1  1 20  1  0]
 [ 0  0  0  6  8  0]
 [ 0  0  0  2  2  3]]
[[ 1.  0.  0.  0.  0.  0.]
 [ 0. 10.  0.  0.  0.  0.]
 [ 0.  3. 18.  3.  0.  0.]
 [ 0.  1.  1. 20.  1.  0.]
 [ 0.  0.  0.  6.  8.  0.]
 [ 0.  0.  0.  2.  2.  3.]]
[ 1. 10. 18. 20.  8.  3.]
Acc:  0.7699275362318841
CBA:  0.6849078341013826
AvAcc:  67.21040372670807
CBA:  61.25529289551028
knn acc:  47.64045736871824
knn cba:  39.61725324092112
