************************ 1 1**************************
[[ 0.  2.  0.  0.  0.  0.]
 [ 0.  6.  2.  1.  1.  0.]
 [ 0.  6. 15.  3.  0.  0.]
 [ 0.  0.  2. 17.  2.  1.]
 [ 0.  0.  2.  8.  5.  0.]
 [ 0.  0.  0.  3.  1.  2.]]
[ 0.  6. 15. 17.  5.  2.]
************************ 1 2**************************
[[ 0.  1.  0.  0.  0.  0.]
 [ 1.  3.  4.  2.  0.  0.]
 [ 0.  3. 13.  6.  1.  0.]
 [ 0.  0.  2. 18.  3.  0.]
 [ 0.  1.  5.  1.  7.  0.]
 [ 0.  0.  0.  1.  2.  4.]]
[ 0.  3. 13. 18.  7.  4.]
************************ 2 1**************************
[[ 0.  2.  0.  0.  0.  0.]
 [ 0.  7.  2.  1.  0.  0.]
 [ 0.  5. 13.  5.  1.  0.]
 [ 0.  0.  1. 18.  3.  0.]
 [ 0.  0.  4.  3.  6.  2.]
 [ 0.  0.  0.  1.  2.  3.]]
[ 0.  7. 13. 18.  6.  3.]
************************ 2 2**************************
[[ 0.  1.  0.  0.  0.  0.]
 [ 0.  7.  3.  0.  0.  0.]
 [ 0.  0. 19.  2.  3.  0.]
 [ 0.  1.  5. 15.  1.  0.]
 [ 1.  0.  1.  7.  5.  0.]
 [ 0.  0.  0.  1.  4.  2.]]
[ 0.  7. 19. 15.  5.  2.]
************************ 3 1**************************
[[ 0.  2.  0.  0.  0.  0.]
 [ 0.  7.  1.  1.  1.  0.]
 [ 0.  3. 13.  8.  0.  0.]
 [ 0.  0.  2. 16.  3.  1.]
 [ 0.  2.  0.  7.  6.  0.]
 [ 0.  0.  1.  2.  0.  3.]]
[ 0.  7. 13. 16.  6.  3.]
************************ 3 2**************************
[[ 0.  1.  0.  0.  0.  0.]
 [ 1.  4.  4.  1.  0.  0.]
 [ 0.  0. 18.  4.  1.  0.]
 [ 0.  0.  3. 17.  3.  0.]
 [ 0.  0.  3.  3.  8.  0.]
 [ 0.  0.  0.  4.  2.  1.]]
[ 0.  4. 18. 17.  8.  1.]
************************ 4 1**************************
[[ 0.  2.  0.  0.  0.  0.]
 [ 0.  8.  0.  2.  0.  0.]
 [ 0.  3. 14.  7.  0.  0.]
 [ 0.  1.  6. 14.  1.  0.]
 [ 0.  5.  3.  4.  3.  0.]
 [ 0.  0.  0.  3.  2.  1.]]
[ 0.  8. 14. 14.  3.  1.]
************************ 4 2**************************
[[ 0.  1.  0.  0.  0.  0.]
 [ 0.  4.  3.  1.  2.  0.]
 [ 0.  1. 15.  5.  3.  0.]
 [ 0.  0.  6. 13.  2.  1.]
 [ 0.  1.  2.  4.  7.  0.]
 [ 0.  0.  0.  2.  1.  4.]]
[ 0.  4. 15. 13.  7.  4.]
************************ 5 1**************************
[[ 0.  2.  0.  0.  0.  0.]
 [ 0.  6.  4.  0.  0.  0.]
 [ 0.  2. 17.  3.  2.  0.]
 [ 0.  2.  2. 14.  3.  1.]
 [ 0.  4.  4.  5.  2.  0.]
 [ 0.  0.  0.  1.  1.  4.]]
[ 0.  6. 17. 14.  2.  4.]
************************ 5 2**************************
[[ 0.  1.  0.  0.  0.  0.]
 [ 0.  4.  2.  1.  3.  0.]
 [ 2.  3. 10.  9.  0.  0.]
 [ 0.  0.  3. 17.  2.  0.]
 [ 0.  1.  2.  6.  5.  0.]
 [ 0.  0.  0.  2.  1.  4.]]
[ 0.  4. 10. 17.  5.  4.]
1 1
[[ 0  2  0  0  0  0]
 [ 0  8  2  0  0  0]
 [ 0  2 21  1  0  0]
 [ 0  5  0 17  0  1]
 [ 0  1  1  6  7  0]
 [ 0  1  0  1  1  3]]
[[ 0.  2.  0.  0.  0.  0.]
 [ 0.  8.  2.  0.  0.  0.]
 [ 0.  2. 21.  1.  0.  0.]
 [ 0.  5.  0. 17.  0.  1.]
 [ 0.  1.  1.  6.  7.  0.]
 [ 0.  1.  0.  1.  1.  3.]]
[ 0.  8. 21. 17.  7.  3.]
Acc:  0.5634661835748792
CBA:  0.49045321637426903
1 2
[[ 1  0  0  0  0  0]
 [ 0  6  3  1  0  0]
 [ 0  0 18  4  1  1]
 [ 0  0  0 15  6  2]
 [ 0  0  4  2  3  5]
 [ 0  0  0  0  1  6]]
[[ 1.  0.  0.  0.  0.  0.]
 [ 0.  6.  3.  1.  0.  0.]
 [ 0.  0. 18.  4.  1.  1.]
 [ 0.  0.  0. 15.  6.  2.]
 [ 0.  0.  4.  2.  3.  5.]
 [ 0.  0.  0.  0.  1.  6.]]
[ 1.  6. 18. 15.  3.  6.]
Acc:  0.6789337474120082
CBA:  0.6025051759834369
2 1
[[ 0  2  0  0  0  0]
 [ 0 10  0  0  0  0]
 [ 0  0 23  1  0  0]
 [ 0  0  3 19  0  1]
 [ 0  0  1  1  8  5]
 [ 0  0  0  0  5  1]]
[[ 0.  2.  0.  0.  0.  0.]
 [ 0. 10.  0.  0.  0.  0.]
 [ 0.  0. 23.  1.  0.  0.]
 [ 0.  0.  3. 19.  0.  1.]
 [ 0.  0.  1.  1.  8.  5.]
 [ 0.  0.  0.  0.  5.  1.]]
[ 0. 10. 23. 19.  8.  1.]
Acc:  0.5807367149758454
CBA:  0.5312437696495668
2 2
[[ 1  0  0  0  0  0]
 [ 0  5  5  0  0  0]
 [ 0  0 17  5  1  1]
 [ 0  0  2 20  0  1]
 [ 0  0  2  7  4  1]
 [ 0  0  0  0  2  5]]
[[ 1.  0.  0.  0.  0.  0.]
 [ 0.  5.  5.  0.  0.  0.]
 [ 0.  0. 17.  5.  1.  1.]
 [ 0.  0.  2. 20.  0.  1.]
 [ 0.  0.  2.  7.  4.  1.]
 [ 0.  0.  0.  0.  2.  5.]]
[ 1.  5. 17. 20.  4.  5.]
Acc:  0.6796497584541062
CBA:  0.6149267399267399
3 1
[[ 0  2  0  0  0  0]
 [ 0  6  3  0  1  0]
 [ 0  1 16  7  0  0]
 [ 0  2  2 11  4  4]
 [ 0  1  2  4  6  2]
 [ 0  1  2  0  1  2]]
[[ 0.  2.  0.  0.  0.  0.]
 [ 0.  6.  3.  0.  1.  0.]
 [ 0.  1. 16.  7.  0.  0.]
 [ 0.  2.  2. 11.  4.  4.]
 [ 0.  1.  2.  4.  6.  2.]
 [ 0.  1.  2.  0.  1.  2.]]
[ 0.  6. 16. 11.  6.  2.]
Acc:  0.41304347826086957
CBA:  0.37163322185061315
3 2
[[ 1  0  0  0  0  0]
 [ 0  8  2  0  0  0]
 [ 0  0 21  2  1  0]
 [ 0  0  2 15  6  0]
 [ 0  0  2  5  7  0]
 [ 0  0  0  7  0  0]]
[[ 1.  0.  0.  0.  0.  0.]
 [ 0.  8.  2.  0.  0.  0.]
 [ 0.  0. 21.  2.  1.  0.]
 [ 0.  0.  2. 15.  6.  0.]
 [ 0.  0.  2.  5.  7.  0.]
 [ 0.  0.  0.  7.  0.  0.]]
[ 1.  8. 21. 15.  7.  0.]
Acc:  0.6378623188405798
CBA:  0.5991698595146872
4 1
[[ 0  2  0  0  0  0]
 [ 0  9  1  0  0  0]
 [ 0  1 22  1  0  0]
 [ 0  1  3 13  6  0]
 [ 0  1  2  2  8  2]
 [ 0  0  0  1  4  1]]
[[ 0.  2.  0.  0.  0.  0.]
 [ 0.  9.  1.  0.  0.  0.]
 [ 0.  1. 22.  1.  0.  0.]
 [ 0.  1.  3. 13.  6.  0.]
 [ 0.  1.  2.  2.  8.  2.]
 [ 0.  0.  0.  1.  4.  1.]]
[ 0.  9. 22. 13.  8.  1.]
Acc:  0.513647342995169
CBA:  0.4341499884978146
4 2
[[ 1  0  0  0  0  0]
 [ 0  4  5  1  0  0]
 [ 0  0 21  2  1  0]
 [ 0  0  1 16  2  4]
 [ 0  0  0  7  6  1]
 [ 0  0  0  0  1  6]]
[[ 1.  0.  0.  0.  0.  0.]
 [ 0.  4.  5.  1.  0.  0.]
 [ 0.  0. 21.  2.  1.  0.]
 [ 0.  0.  1. 16.  2.  4.]
 [ 0.  0.  0.  7.  6.  1.]
 [ 0.  0.  0.  0.  1.  6.]]
[ 1.  4. 21. 16.  6.  6.]
Acc:  0.7093944099378882
CBA:  0.6278647278647278
5 1
[[ 0  0  2  0  0  0]
 [ 0  4  5  1  0  0]
 [ 0  3 16  3  0  2]
 [ 0  0  4 16  2  1]
 [ 0  0  3  5  6  1]
 [ 0  0  0  0  1  5]]
[[ 0.  0.  2.  0.  0.  0.]
 [ 0.  4.  5.  1.  0.  0.]
 [ 0.  3. 16.  3.  0.  2.]
 [ 0.  0.  4. 16.  2.  1.]
 [ 0.  0.  3.  5.  6.  1.]
 [ 0.  0.  0.  0.  1.  5.]]
[ 0.  4. 16. 16.  6.  5.]
Acc:  0.4992753623188406
CBA:  0.4214814814814815
5 2
[[ 1  0  0  0  0  0]
 [ 0  3  7  0  0  0]
 [ 0  0 23  1  0  0]
 [ 0  0  4 17  1  1]
 [ 0  0  4  6  4  0]
 [ 0  0  0  2  2  3]]
[[ 1.  0.  0.  0.  0.  0.]
 [ 0.  3.  7.  0.  0.  0.]
 [ 0.  0. 23.  1.  0.  0.]
 [ 0.  0.  4. 17.  1.  1.]
 [ 0.  0.  4.  6.  4.  0.]
 [ 0.  0.  0.  2.  2.  3.]]
[ 1.  3. 23. 17.  4.  3.]
Acc:  0.6186249137336094
CBA:  0.5455658376711008
AvAcc:  58.946342305037966
CBA:  52.38994018814438
knn acc:  45.001944914988385
knn cba:  39.64335464803012
