0.3795180722891566,0.4758620689655175,0.6396551724137929,0.3580246913580245,0.5744680851063828,0.6718522119591639,0.6319444444444444,0.7177419354838714,0.6557377049180328,0.125,0.6689655172413792,0.4285714285714286,0.0303030303030302,0.111111111111111,0.2743705399219065,0.0,0.0,0.0,0.0,0.0,0.0,0.0,0.0,0.0,1.0,0.0,0.0,0.0,0.0,0.0,0.0,0.0,0.0,0.0,1.0,1.0,0.0,1.0,0.0,0.0,0.0,0.0,1.0,0.0,0.0,1.0,0.0,0.0,0.0,0.0,0.0,0.0,1.0,0.0,0.0,0.0,1.0,0.0,0.0,0.0,0.0,0.0,1.0,0.0,2.0
0.5783132530120483,0.7344827586206897,0.7258620689655171,0.5925925925925926,0.7446808510638299,0.7481769567331065,0.4305555555555556,0.9354838709677424,0.7923497267759563,0.875,0.2758620689655172,0.0,0.3636363636363636,0.4166666666666666,0.38885148781473,0.0,0.0,0.0,0.0,0.0,0.0,0.0,0.0,0.0,0.0,1.0,0.0,0.0,0.0,0.0,0.0,0.0,0.0,1.0,0.0,0.0,1.0,1.0,0.0,0.0,0.0,0.0,1.0,0.0,0.0,0.0,1.0,0.0,0.0,1.0,0.0,0.0,0.0,0.0,0.0,1.0,0.0,0.0,0.0,0.0,1.0,0.0,0.0,0.0,2.0
0.7650602409638556,0.5034482758620689,0.555172413793104,0.1481481481481479,0.4893617021276588,0.3315508021390374,0.125,0.774193548387097,0.3989071038251366,0.1125,0.3172413793103448,0.6734693877551019,0.2121212121212121,0.3055555555555554,0.3896930119833041,0.0,1.0,0.0,0.0,0.0,0.0,0.0,0.0,0.0,0.0,0.0,0.0,0.0,0.0,0.0,0.0,0.0,0.0,0.0,1.0,1.0,0.0,1.0,0.0,0.0,0.0,0.0,1.0,0.0,0.0,0.0,1.0,0.0,0.0,0.0,1.0,0.0,0.0,0.0,0.0,1.0,0.0,0.0,0.0,0.0,0.0,0.0,1.0,0.0,2.0
0.5783132530120483,0.2448275862068967,0.2189655172413798,0.0987654320987667,0.1170212765957439,0.0996596985901798,0.0138888888888888,0.3467741935483874,0.6338797814207651,0.15,0.0896551724137931,0.5510204081632655,0.6363636363636365,0.6388888888888888,0.0013800996364615,0.0,0.0,0.0,0.0,0.0,0.0,0.0,0.0,1.0,0.0,0.0,0.0,0.0,0.0,0.0,0.0,0.0,0.0,0.0,1.0,1.0,0.0,0.0,1.0,0.0,0.0,1.0,0.0,0.0,0.0,1.0,0.0,0.0,0.0,0.0,1.0,0.0,0.0,0.0,0.0,1.0,0.0,0.0,0.0,1.0,0.0,0.0,0.0,0.0,4.0
0.5783132530120483,0.7379310344827585,0.7258620689655171,0.5802469135802459,0.6702127659574462,0.6888672824501703,0.3055555555555554,0.8629032258064515,0.6229508196721312,0.0,0.6,0.5918367346938773,0.0606060606060605,0.1666666666666666,0.4309276962434361,0.0,0.0,0.0,0.0,0.0,0.0,0.0,0.0,0.0,0.0,1.0,0.0,0.0,0.0,0.0,0.0,0.0,0.0,0.0,1.0,0.0,1.0,1.0,0.0,0.0,0.0,0.0,1.0,0.0,0.0,0.0,1.0,0.0,0.0,1.0,0.0,0.0,0.0,0.0,0.0,1.0,0.0,0.0,0.0,0.0,0.0,0.0,1.0,0.0,2.0
0.3795180722891566,0.272413793103448,0.3568965517241382,0.0246913580246914,0.5106382978723403,0.0855614973262032,0.048611111111111,0.4919354838709679,0.6666666666666667,0.15,0.096551724137931,0.4285714285714286,0.4545454545454546,0.5277777777777777,0.0050828059781876,0.0,0.0,0.0,0.0,0.0,0.0,0.0,0.0,0.0,1.0,0.0,0.0,0.0,0.0,0.0,0.0,0.0,0.0,0.0,1.0,1.0,0.0,0.0,1.0,0.0,0.0,0.0,1.0,0.0,0.0,1.0,0.0,0.0,0.0,0.0,1.0,0.0,0.0,0.0,0.0,1.0,0.0,0.0,0.0,1.0,0.0,0.0,0.0,0.0,3.0
0.2289156626506024,0.272413793103448,0.4413793103448276,0.0246913580246914,0.4042553191489357,0.1575109382596013,0.048611111111111,0.4919354838709679,0.6666666666666667,0.15,0.096551724137931,0.4285714285714286,0.4545454545454546,0.5277777777777777,0.0892352228355998,0.0,0.0,0.0,0.0,0.0,0.0,0.0,0.0,0.0,1.0,0.0,0.0,0.0,0.0,0.0,0.0,0.0,0.0,0.0,1.0,1.0,0.0,1.0,0.0,0.0,0.0,0.0,0.0,1.0,0.0,1.0,0.0,0.0,0.0,0.0,1.0,0.0,0.0,0.0,0.0,1.0,0.0,0.0,0.0,1.0,0.0,0.0,0.0,0.0,3.0
0.144578313253012,0.3586206896551722,0.4982758620689655,0.2222222222222223,0.3510638297872335,0.3607194944093339,0.125,0.870967741935484,0.3114754098360657,0.125,0.2689655172413793,0.4285714285714286,0.2727272727272727,0.361111111111111,0.1632556887033795,0.0,0.0,0.0,0.0,0.0,0.0,0.0,0.0,0.0,0.0,0.0,0.0,0.0,0.0,1.0,0.0,0.0,0.0,0.0,1.0,1.0,0.0,1.0,0.0,0.0,0.0,0.0,0.0,1.0,0.0,1.0,0.0,0.0,0.0,0.0,0.0,1.0,0.0,0.0,0.0,1.0,0.0,0.0,0.0,0.0,0.0,0.0,1.0,0.0,2.0
0.4337349397590361,0.0,0.0,0.0370370370370372,0.1170212765957439,0.0,0.0138888888888888,0.2983870967741939,0.7322404371584701,0.1624999999999999,0.0206896551724138,0.2653061224489796,1.0,1.0,0.0380705533862932,0.0,0.0,0.0,0.0,1.0,0.0,0.0,0.0,0.0,0.0,0.0,0.0,0.0,0.0,0.0,0.0,0.0,0.0,0.0,1.0,1.0,0.0,0.0,1.0,0.0,0.0,1.0,0.0,0.0,0.0,1.0,0.0,0.0,0.0,0.0,1.0,0.0,0.0,0.0,0.0,1.0,0.0,0.0,1.0,0.0,0.0,0.0,0.0,0.0,4.0
0.1686746987951807,0.9999999999999996,1.0,1.0000000000000009,0.702127659574467,1.0,0.6458333333333333,0.838709677419355,0.8579234972677596,0.90625,0.4689655172413793,0.0816326530612243,0.1818181818181818,0.1944444444444444,0.8836676989363134,0.0,0.0,0.0,0.0,0.0,0.0,0.0,1.0,0.0,0.0,0.0,0.0,0.0,0.0,0.0,0.0,0.0,0.0,1.0,0.0,0.0,1.0,1.0,0.0,0.0,0.0,0.0,1.0,0.0,0.0,0.0,1.0,0.0,0.0,0.0,1.0,0.0,0.0,0.0,1.0,0.0,0.0,0.0,0.0,0.0,1.0,0.0,0.0,0.0,1.0
0.1506024096385542,0.6172413793103448,0.7448275862068972,0.3580246913580245,0.4680851063829783,0.6893534273213417,0.5625,0.588709677419355,0.6994535519125684,0.1374999999999999,0.696551724137931,0.4285714285714286,0.1212121212121212,0.1666666666666666,0.3481217180557425,0.0,0.0,0.0,0.0,0.0,0.0,0.0,0.0,0.0,0.0,0.0,0.0,0.0,0.0,0.0,1.0,0.0,0.0,0.0,1.0,1.0,0.0,1.0,0.0,0.0,0.0,0.0,1.0,0.0,0.0,0.0,1.0,0.0,1.0,0.0,0.0,0.0,0.0,0.0,0.0,0.0,1.0,0.0,0.0,0.0,0.0,0.0,1.0,0.0,1.0
0.3192771084337349,0.2448275862068967,0.2189655172413798,0.0246913580246914,0.1170212765957439,0.2017501215362178,0.0555555555555554,0.3951612903225805,0.7213114754098362,0.0374999999999999,0.3241379310344827,0.5510204081632655,0.2424242424242424,0.3333333333333332,0.0878214622323953,0.0,0.0,0.0,1.0,0.0,0.0,0.0,0.0,0.0,0.0,0.0,0.0,0.0,0.0,0.0,0.0,0.0,0.0,0.0,1.0,0.0,1.0,0.0,1.0,0.0,0.0,1.0,0.0,0.0,0.0,1.0,0.0,0.0,0.0,0.0,1.0,0.0,0.0,0.0,0.0,1.0,0.0,0.0,0.0,0.0,0.0,0.0,1.0,0.0,3.0
0.6204819277108435,0.272413793103448,0.4155172413793102,0.0493827160493829,0.3085106382978724,0.2386971317452602,0.0555555555555554,0.524193548387097,0.5245901639344261,0.125,0.1034482758620689,0.2653061224489796,0.3939393939393939,0.4444444444444444,0.0972801938871684,0.0,0.0,0.0,0.0,0.0,0.0,0.0,0.0,0.0,0.0,0.0,0.0,0.0,0.0,0.0,1.0,0.0,0.0,0.0,1.0,1.0,0.0,0.0,1.0,0.0,0.0,1.0,0.0,0.0,0.0,0.0,1.0,0.0,0.0,0.0,1.0,0.0,0.0,0.0,0.0,1.0,0.0,0.0,0.0,1.0,0.0,0.0,0.0,0.0,3.0
0.3192771084337349,0.2448275862068967,0.2189655172413798,0.0246913580246914,0.1170212765957439,0.0792416140009723,0.0,0.3467741935483874,0.6338797814207651,0.15,0.0896551724137931,0.5510204081632655,0.4545454545454546,0.5555555555555556,0.0346371347785108,0.0,0.0,0.0,1.0,0.0,0.0,0.0,0.0,0.0,0.0,0.0,0.0,0.0,0.0,0.0,0.0,0.0,0.0,0.0,1.0,1.0,0.0,0.0,1.0,0.0,0.0,1.0,0.0,0.0,0.0,1.0,0.0,0.0,0.0,0.0,1.0,0.0,0.0,0.0,0.0,1.0,0.0,0.0,0.0,1.0,0.0,0.0,0.0,0.0,3.0
0.2469879518072289,0.3655172413793104,0.4965517241379311,0.1975308641975308,0.5319148936170208,0.2863393291200777,0.2083333333333332,0.6370967741935485,0.7650273224043718,0.09375,0.2896551724137931,0.4285714285714286,0.3333333333333333,0.4444444444444444,0.1414097212871953,0.0,0.0,0.0,0.0,0.0,0.0,0.0,0.0,0.0,1.0,0.0,0.0,0.0,0.0,0.0,0.0,0.0,0.0,0.0,1.0,1.0,0.0,1.0,0.0,0.0,0.0,0.0,1.0,0.0,0.0,1.0,0.0,0.0,0.0,0.0,1.0,0.0,0.0,0.0,0.0,1.0,0.0,0.0,0.0,1.0,0.0,0.0,0.0,0.0,2.0
0.3012048192771084,0.4206896551724135,0.5724137931034488,0.3580246913580245,0.6170212765957439,0.3461351482741857,0.2222222222222222,0.6854838709677424,0.7213114754098362,0.0999999999999999,0.2,0.2653061224489796,0.303030303030303,0.3888888888888888,0.1984987208832637,0.0,0.0,0.0,0.0,0.0,0.0,1.0,0.0,0.0,0.0,0.0,0.0,0.0,0.0,0.0,0.0,0.0,0.0,0.0,1.0,1.0,0.0,1.0,0.0,0.0,0.0,1.0,0.0,0.0,0.0,1.0,0.0,0.0,0.0,0.0,1.0,0.0,0.0,0.0,0.0,1.0,0.0,0.0,0.0,1.0,0.0,0.0,0.0,0.0,2.0
0.536144578313253,0.2448275862068967,0.3913793103448277,0.0246913580246914,0.1170212765957439,0.1341759844433642,0.0,0.3467741935483874,0.6338797814207651,0.15,0.0896551724137931,0.5510204081632655,0.4545454545454546,0.5555555555555556,0.0452403393025447,0.0,0.0,0.0,0.0,0.0,0.0,0.0,0.0,0.0,0.0,0.0,1.0,0.0,0.0,0.0,0.0,0.0,0.0,0.0,1.0,1.0,0.0,1.0,0.0,0.0,0.0,0.0,1.0,0.0,0.0,1.0,0.0,0.0,0.0,0.0,1.0,0.0,0.0,0.0,0.0,1.0,0.0,0.0,0.0,1.0,0.0,0.0,0.0,0.0,3.0
0.7409638554216869,0.5034482758620689,0.555172413793104,0.1481481481481479,0.4893617021276588,0.4846864365580943,0.5138888888888888,0.620967741935484,0.6120218579234973,0.125,0.4551724137931034,0.0408163265306122,0.1515151515151515,0.2777777777777777,0.525851622458597,0.0,1.0,0.0,0.0,0.0,0.0,0.0,0.0,0.0,0.0,0.0,0.0,0.0,0.0,0.0,0.0,0.0,0.0,0.0,1.0,1.0,0.0,0.0,1.0,0.0,0.0,0.0,1.0,0.0,0.0,0.0,1.0,0.0,0.0,0.0,1.0,0.0,0.0,0.0,0.0,0.0,1.0,0.0,0.0,0.0,0.0,0.0,1.0,0.0,2.0
0.536144578313253,0.2448275862068967,0.3913793103448277,0.0246913580246914,0.1170212765957439,0.2323772484200292,0.0555555555555554,0.3467741935483874,0.6338797814207651,0.15,0.0896551724137931,0.5510204081632655,0.4545454545454546,0.5555555555555556,0.0761074458058435,0.0,0.0,0.0,0.0,0.0,0.0,0.0,0.0,0.0,0.0,0.0,1.0,0.0,0.0,0.0,0.0,0.0,0.0,0.0,1.0,1.0,0.0,1.0,0.0,0.0,0.0,0.0,1.0,0.0,0.0,1.0,0.0,0.0,0.0,0.0,1.0,0.0,0.0,0.0,0.0,1.0,0.0,0.0,0.0,1.0,0.0,0.0,0.0,0.0,3.0
0.5783132530120483,0.2206896551724138,0.2189655172413798,0.0246913580246914,0.1170212765957439,0.2100145843461351,0.0555555555555554,0.3951612903225805,0.7213114754098362,0.0374999999999999,0.3241379310344827,0.5510204081632655,0.2424242424242424,0.3333333333333332,0.0788003231452807,0.0,0.0,0.0,0.0,0.0,0.0,0.0,0.0,1.0,0.0,0.0,0.0,0.0,0.0,0.0,0.0,0.0,0.0,0.0,1.0,0.0,1.0,0.0,1.0,0.0,0.0,1.0,0.0,0.0,0.0,1.0,0.0,0.0,0.0,0.0,1.0,0.0,0.0,0.0,0.0,1.0,0.0,0.0,0.0,0.0,0.0,0.0,0.0,1.0,3.0
0.5120481927710843,0.4310344827586205,0.7241379310344827,0.3580246913580245,0.6808510638297873,0.5323286339329121,0.2152777777777776,0.806451612903226,0.5464480874316939,0.125,0.7241379310344828,0.5510204081632655,0.0909090909090909,0.2222222222222222,0.4309276962434361,0.0,0.0,0.0,0.0,0.0,0.0,0.0,0.0,0.0,0.0,0.0,0.0,0.0,1.0,0.0,0.0,0.0,0.0,0.0,1.0,0.0,1.0,0.0,1.0,0.0,0.0,1.0,0.0,0.0,0.0,1.0,0.0,0.0,1.0,0.0,0.0,0.0,0.0,0.0,0.0,1.0,0.0,0.0,0.0,0.0,0.0,0.0,1.0,0.0,5.0
0.1566265060240964,0.3137931034482761,0.374137931034483,0.0987654320987667,0.329787234042552,0.2732134175984444,0.1388888888888888,0.588709677419355,0.6994535519125684,0.96875,0.0068965517241379,0.1428571428571428,0.6666666666666667,0.8055555555555556,0.0821327588528342,0.0,0.0,0.0,0.0,0.0,0.0,0.0,0.0,0.0,0.0,0.0,0.0,0.0,0.0,0.0,1.0,0.0,0.0,1.0,0.0,1.0,0.0,1.0,0.0,0.0,0.0,1.0,0.0,0.0,0.0,1.0,0.0,0.0,0.0,0.0,1.0,0.0,0.0,0.0,0.0,1.0,0.0,0.0,0.0,0.0,1.0,0.0,0.0,0.0,2.0
0.1566265060240964,0.3137931034482761,0.432758620689655,0.0,1.0,0.679144385026738,0.0138888888888888,0.411290322580645,0.5245901639344261,0.125,0.0482758620689655,0.2653061224489796,0.3333333333333333,0.3888888888888888,0.1154571159283694,0.0,0.0,0.0,0.0,0.0,0.0,0.0,0.0,0.0,0.0,0.0,0.0,0.0,0.0,0.0,1.0,0.0,0.0,0.0,1.0,1.0,0.0,1.0,0.0,0.0,0.0,0.0,0.0,1.0,1.0,0.0,0.0,0.0,0.0,0.0,1.0,0.0,0.0,0.0,0.0,1.0,0.0,0.0,0.0,1.0,0.0,0.0,0.0,0.0,2.0
0.0,0.5448275862068965,0.53448275862069,0.3580246913580245,0.4468085106382968,0.3407875546912979,0.2222222222222222,0.620967741935484,0.8032786885245902,0.1062499999999999,0.2551724137931034,0.0204081632653061,0.3333333333333333,0.3888888888888888,0.1561868856873569,0.0,0.0,0.0,0.0,0.0,0.0,0.0,0.0,0.0,0.0,0.0,0.0,0.0,0.0,0.0,1.0,0.0,0.0,0.0,1.0,1.0,0.0,1.0,0.0,0.0,0.0,1.0,0.0,0.0,0.0,1.0,0.0,0.0,0.0,0.0,1.0,0.0,0.0,0.0,0.0,1.0,0.0,0.0,0.0,0.0,0.0,0.0,1.0,0.0,1.0
0.5120481927710843,0.4310344827586205,0.7241379310344827,0.3580246913580245,0.6808510638297873,0.4832280019445796,0.2152777777777776,0.0,0.0,0.14375,0.3793103448275862,0.4489795918367345,0.1515151515151515,0.2777777777777777,0.3262420896728153,0.0,0.0,0.0,0.0,0.0,0.0,0.0,0.0,0.0,0.0,0.0,0.0,0.0,1.0,0.0,0.0,0.0,0.0,0.0,1.0,1.0,0.0,0.0,1.0,0.0,0.0,1.0,0.0,0.0,0.0,1.0,0.0,0.0,0.0,0.0,1.0,0.0,0.0,0.0,0.0,1.0,0.0,0.0,0.0,0.0,0.0,0.0,1.0,0.0,5.0
0.2349397590361445,0.2241379310344826,0.25,0.0740740740740744,0.4680851063829783,0.093339815264949,0.0069444444444444,0.3951612903225805,0.5901639344262295,0.125,0.0896551724137931,0.346938775510204,0.4545454545454546,0.5555555555555556,0.0487074188770701,0.0,0.0,0.0,0.0,0.0,0.0,1.0,0.0,0.0,0.0,0.0,0.0,0.0,0.0,0.0,0.0,0.0,0.0,0.0,1.0,1.0,0.0,0.0,1.0,0.0,0.0,1.0,0.0,0.0,0.0,1.0,0.0,0.0,0.0,0.0,1.0,0.0,0.0,0.0,0.0,1.0,0.0,0.0,0.0,1.0,0.0,0.0,0.0,0.0,3.0
0.0542168674698795,0.3137931034482761,0.2431034482758622,0.0,0.5106382978723403,0.146815751093826,0.0138888888888888,0.411290322580645,0.5245901639344261,0.125,0.0482758620689655,0.2653061224489796,0.4545454545454546,0.5555555555555556,0.0383735020869799,0.0,0.0,0.0,0.0,0.0,0.0,0.0,0.0,0.0,0.0,0.0,0.0,0.0,0.0,0.0,1.0,0.0,0.0,0.0,1.0,1.0,0.0,1.0,0.0,0.0,0.0,1.0,0.0,0.0,0.0,1.0,0.0,0.0,0.0,0.0,1.0,0.0,0.0,0.0,0.0,1.0,0.0,0.0,0.0,1.0,0.0,0.0,0.0,0.0,3.0
0.3253012048192771,0.2448275862068967,0.2189655172413798,0.0246913580246914,0.1170212765957439,0.2017501215362178,0.0555555555555554,0.3951612903225805,0.7213114754098362,0.0374999999999999,0.3241379310344827,0.5510204081632655,0.2424242424242424,0.3333333333333332,0.0878214622323953,0.0,0.0,0.0,0.0,0.0,0.0,0.0,0.0,0.0,0.0,0.0,1.0,0.0,0.0,0.0,0.0,0.0,0.0,0.0,1.0,0.0,1.0,0.0,1.0,0.0,0.0,1.0,0.0,0.0,0.0,1.0,0.0,0.0,0.0,0.0,1.0,0.0,0.0,0.0,0.0,1.0,0.0,0.0,0.0,0.0,0.0,0.0,0.0,1.0,3.0
0.0783132530120481,0.3413793103448275,0.2155172413793105,0.0370370370370372,0.914893617021276,0.1511910549343704,0.0138888888888888,0.306451612903226,0.7322404371584701,0.1374999999999999,0.1448275862068965,0.7551020408163265,0.4242424242424243,0.4444444444444444,0.0655379022485525,0.0,0.0,0.0,0.0,1.0,0.0,0.0,0.0,0.0,0.0,0.0,0.0,0.0,0.0,0.0,0.0,0.0,0.0,0.0,1.0,1.0,0.0,1.0,0.0,0.0,0.0,0.0,0.0,1.0,0.0,1.0,0.0,0.0,0.0,0.0,1.0,0.0,0.0,0.0,0.0,1.0,0.0,0.0,1.0,0.0,0.0,0.0,0.0,0.0,2.0
0.1204819277108433,0.3413793103448275,0.5310344827586211,0.1975308641975308,0.4680851063829783,0.2873116188624209,0.1388888888888888,0.4919354838709679,0.825136612021858,0.125,0.2137931034482758,0.6734693877551019,0.3333333333333333,0.4166666666666666,0.117712400700148,0.0,0.0,0.0,0.0,1.0,0.0,0.0,0.0,0.0,0.0,0.0,0.0,0.0,0.0,0.0,0.0,0.0,0.0,0.0,1.0,1.0,0.0,1.0,0.0,0.0,0.0,0.0,1.0,0.0,0.0,1.0,0.0,0.0,0.0,0.0,1.0,0.0,0.0,0.0,0.0,1.0,0.0,0.0,1.0,0.0,0.0,0.0,0.0,0.0,2.0
0.3433734939759036,0.3689655172413792,0.4672413793103449,0.2345679012345689,0.6382978723404253,0.2411278561011181,0.1319444444444444,0.524193548387097,0.7267759562841531,0.125,0.2068965517241379,0.4489795918367345,0.3333333333333333,0.4444444444444444,0.0884273596337686,0.0,0.0,0.0,0.0,0.0,0.0,0.0,0.0,0.0,0.0,0.0,0.0,0.0,0.0,0.0,0.0,1.0,0.0,0.0,1.0,1.0,0.0,0.0,1.0,0.0,0.0,0.0,1.0,0.0,0.0,1.0,0.0,0.0,0.0,0.0,1.0,0.0,0.0,0.0,0.0,1.0,0.0,0.0,0.0,0.0,0.0,0.0,1.0,0.0,4.0
0.108433734939759,0.2448275862068967,0.2293103448275864,0.0,0.4255319148936172,0.197860962566845,0.125,0.870967741935484,0.3114754098360657,0.1062499999999999,0.1241379310344827,0.1020408163265305,0.303030303030303,0.361111111111111,0.057391948296755,0.0,0.0,0.0,0.0,0.0,0.0,0.0,0.0,0.0,0.0,0.0,0.0,0.0,0.0,1.0,0.0,0.0,0.0,0.0,1.0,1.0,0.0,0.0,1.0,0.0,0.0,1.0,0.0,0.0,0.0,1.0,0.0,0.0,0.0,0.0,0.0,1.0,0.0,0.0,0.0,1.0,0.0,0.0,0.0,1.0,0.0,0.0,0.0,0.0,4.0
0.1566265060240964,0.3137931034482761,0.374137931034483,0.0987654320987667,0.329787234042552,0.207583859990277,0.0555555555555554,0.524193548387097,0.5245901639344261,0.125,0.1034482758620689,0.2653061224489796,0.3636363636363636,0.4444444444444444,0.1316143799649925,0.0,0.0,0.0,0.0,0.0,0.0,0.0,0.0,0.0,0.0,0.0,0.0,0.0,0.0,0.0,1.0,0.0,0.0,0.0,1.0,1.0,0.0,1.0,0.0,0.0,0.0,0.0,1.0,0.0,0.0,1.0,0.0,0.0,0.0,0.0,1.0,0.0,0.0,0.0,0.0,1.0,0.0,0.0,0.0,1.0,0.0,0.0,0.0,0.0,2.0
0.2289156626506024,0.6103448275862067,0.7620689655172419,0.4444444444444455,0.6914893617021276,0.5828877005347595,0.3541666666666666,1.0,0.5901639344262295,0.15625,0.4068965517241379,0.5102040816326532,0.2121212121212121,0.2777777777777777,0.2555540595125891,0.0,0.0,0.0,0.0,0.0,0.0,0.0,0.0,0.0,0.0,0.0,0.0,0.0,0.0,0.0,0.0,0.0,1.0,0.0,1.0,1.0,0.0,1.0,0.0,0.0,0.0,0.0,1.0,0.0,0.0,0.0,1.0,0.0,0.0,0.0,1.0,0.0,0.0,0.0,0.0,1.0,0.0,0.0,0.0,0.0,0.0,0.0,1.0,0.0,0.0
1.0,0.4344827586206898,0.5844827586206898,0.5308641975308648,0.0,0.6932425862907146,0.6319444444444444,0.7177419354838714,0.6557377049180328,0.125,0.7241379310344828,0.4285714285714286,0.0909090909090909,0.1944444444444444,0.4393092769624342,0.0,0.0,0.0,0.0,0.0,0.0,0.0,0.0,0.0,1.0,0.0,0.0,0.0,0.0,0.0,0.0,0.0,0.0,0.0,1.0,1.0,0.0,0.0,1.0,0.0,0.0,1.0,0.0,0.0,0.0,0.0,1.0,0.0,0.0,0.0,0.0,0.0,1.0,0.0,0.0,0.0,1.0,0.0,0.0,0.0,0.0,0.0,1.0,0.0,3.0
0.463855421686747,0.3448275862068963,0.6155172413793109,0.8518518518518521,0.1170212765957439,0.9586776859504132,1.0,0.741935483870968,0.562841530054645,0.08125,0.689655172413793,0.2448979591836735,0.0,0.0,1.0,0.0,0.0,0.0,0.0,0.0,0.0,0.0,1.0,0.0,0.0,0.0,0.0,0.0,0.0,0.0,0.0,0.0,0.0,0.0,1.0,1.0,0.0,0.0,1.0,1.0,0.0,0.0,0.0,0.0,0.0,0.0,1.0,0.0,0.0,0.0,0.0,0.0,1.0,1.0,0.0,0.0,0.0,0.0,0.0,0.0,0.0,0.0,1.0,0.0,5.0
0.2349397590361445,0.4310344827586205,0.7241379310344827,0.3580246913580245,0.6808510638297873,0.5512882839086048,0.2152777777777776,0.806451612903226,0.5464480874316939,0.125,0.7241379310344828,0.5510204081632655,0.0909090909090909,0.2222222222222222,0.4467483506126295,0.0,0.0,0.0,0.0,0.0,0.0,0.0,0.0,0.0,0.0,0.0,0.0,0.0,1.0,0.0,0.0,0.0,0.0,0.0,1.0,0.0,1.0,1.0,0.0,0.0,0.0,0.0,1.0,0.0,0.0,1.0,0.0,0.0,1.0,0.0,0.0,0.0,0.0,0.0,0.0,1.0,0.0,0.0,0.0,0.0,0.0,0.0,1.0,0.0,4.0
0.0,0.5448275862068965,0.53448275862069,0.3580246913580245,0.5531914893617014,0.2980068060281964,0.2222222222222222,0.620967741935484,0.8032786885245902,0.1062499999999999,0.2551724137931034,0.0204081632653061,0.3939393939393939,0.4444444444444444,0.1211794802746734,0.0,0.0,0.0,0.0,0.0,0.0,0.0,0.0,0.0,0.0,0.0,0.0,0.0,0.0,0.0,1.0,0.0,0.0,0.0,1.0,1.0,0.0,1.0,0.0,0.0,0.0,0.0,1.0,0.0,0.0,1.0,0.0,0.0,0.0,0.0,1.0,0.0,0.0,0.0,0.0,1.0,0.0,0.0,0.0,0.0,0.0,0.0,1.0,0.0,1.0
0.4156626506024096,0.4068965517241381,0.5448275862068965,0.2469135802469138,0.2446808510638289,0.4073894020418085,0.3888888888888888,0.870967741935484,0.7814207650273226,0.14375,0.4206896551724138,0.2653061224489796,0.2424242424242424,0.3333333333333332,0.1562205466540998,0.0,0.0,0.0,0.0,0.0,0.0,0.0,0.0,0.0,0.0,0.0,0.0,0.0,0.0,0.0,1.0,0.0,0.0,0.0,1.0,1.0,0.0,0.0,1.0,0.0,0.0,1.0,0.0,0.0,0.0,0.0,1.0,0.0,0.0,0.0,1.0,0.0,0.0,0.0,0.0,1.0,0.0,0.0,0.0,0.0,0.0,0.0,1.0,0.0,4.0
0.5,0.2448275862068967,0.2189655172413798,0.0246913580246914,0.0957446808510633,0.1341759844433642,0.0,0.3467741935483874,0.6338797814207651,0.15,0.0896551724137931,0.5510204081632655,0.4545454545454546,0.5555555555555556,0.0761074458058435,0.0,0.0,0.0,1.0,0.0,0.0,0.0,0.0,0.0,0.0,0.0,0.0,0.0,0.0,0.0,0.0,0.0,0.0,0.0,1.0,1.0,0.0,1.0,0.0,0.0,0.0,0.0,1.0,0.0,0.0,1.0,0.0,0.0,0.0,0.0,1.0,0.0,0.0,0.0,0.0,1.0,0.0,0.0,0.0,1.0,0.0,0.0,0.0,0.0,3.0
0.3192771084337349,0.2448275862068967,0.2189655172413798,0.0246913580246914,0.1170212765957439,0.0792416140009723,0.0,0.3467741935483874,0.6338797814207651,0.150625,0.0896551724137931,0.5510204081632655,0.6363636363636365,0.6388888888888888,0.0075400565504241,0.0,0.0,0.0,1.0,0.0,0.0,0.0,0.0,0.0,0.0,0.0,0.0,0.0,0.0,0.0,0.0,0.0,0.0,0.0,1.0,1.0,0.0,0.0,1.0,0.0,0.0,1.0,0.0,0.0,0.0,1.0,0.0,0.0,0.0,0.0,1.0,0.0,0.0,0.0,0.0,1.0,0.0,0.0,0.0,1.0,0.0,0.0,0.0,0.0,3.0
0.1566265060240964,0.3137931034482761,0.374137931034483,0.0987654320987667,0.3510638297872335,0.2732134175984444,0.1388888888888888,0.588709677419355,0.6994535519125684,0.96875,0.0068965517241379,0.1428571428571428,0.5454545454545454,0.5,0.0858354651945604,0.0,0.0,0.0,0.0,0.0,0.0,0.0,0.0,0.0,0.0,0.0,0.0,0.0,0.0,0.0,1.0,0.0,0.0,1.0,0.0,1.0,0.0,1.0,0.0,0.0,0.0,0.0,1.0,0.0,0.0,1.0,0.0,0.0,0.0,0.0,1.0,0.0,0.0,0.0,0.0,1.0,0.0,0.0,0.0,0.0,1.0,0.0,0.0,0.0,2.0
0.2710843373493976,0.3413793103448275,0.3241379310344832,0.0493827160493829,0.5106382978723403,0.1443850267379679,0.0138888888888888,0.2983870967741939,0.7322404371584701,0.1374999999999999,0.1448275862068965,0.7551020408163265,0.4242424242424243,0.4444444444444444,0.0655379022485525,0.0,0.0,0.0,0.0,1.0,0.0,0.0,0.0,0.0,0.0,0.0,0.0,0.0,0.0,0.0,0.0,0.0,0.0,0.0,1.0,1.0,0.0,1.0,0.0,0.0,0.0,0.0,1.0,0.0,0.0,1.0,0.0,0.0,0.0,0.0,1.0,0.0,0.0,0.0,0.0,1.0,0.0,0.0,1.0,0.0,0.0,0.0,0.0,0.0,2.0
0.2228915662650601,0.3586206896551722,0.4724137931034486,0.2222222222222223,0.4893617021276588,0.3874574623237725,0.125,0.870967741935484,0.3114754098360657,0.04375,0.3862068965517241,0.2653061224489796,0.2424242424242424,0.3055555555555554,0.1989699744176652,0.0,0.0,0.0,0.0,0.0,0.0,0.0,0.0,0.0,0.0,0.0,0.0,0.0,0.0,1.0,0.0,0.0,0.0,0.0,1.0,0.0,1.0,1.0,0.0,0.0,0.0,0.0,1.0,0.0,1.0,0.0,0.0,0.0,0.0,0.0,0.0,1.0,0.0,0.0,0.0,1.0,0.0,0.0,0.0,0.0,0.0,0.0,1.0,0.0,2.0
0.5783132530120483,0.2448275862068967,0.2189655172413798,0.0987654320987667,0.1170212765957439,0.1122994652406417,0.0138888888888888,0.3467741935483874,0.6338797814207651,0.15,0.0896551724137931,0.5510204081632655,0.4545454545454546,0.5555555555555556,0.0283088730308334,0.0,0.0,0.0,0.0,0.0,0.0,0.0,0.0,1.0,0.0,0.0,0.0,0.0,0.0,0.0,0.0,0.0,0.0,0.0,1.0,1.0,0.0,0.0,1.0,0.0,0.0,1.0,0.0,0.0,0.0,1.0,0.0,0.0,0.0,0.0,1.0,0.0,0.0,0.0,0.0,1.0,0.0,0.0,0.0,1.0,0.0,0.0,0.0,0.0,4.0
0.253012048192771,0.3413793103448275,0.4224137931034484,0.2962962962962967,0.1382978723404253,0.2819640252795332,0.1388888888888888,0.4919354838709679,0.825136612021858,0.1312499999999999,0.3103448275862069,0.5510204081632655,0.2727272727272727,0.361111111111111,0.1682038508145953,0.0,0.0,0.0,0.0,1.0,0.0,0.0,0.0,0.0,0.0,0.0,0.0,0.0,0.0,0.0,0.0,0.0,0.0,0.0,1.0,1.0,0.0,0.0,1.0,0.0,0.0,0.0,1.0,0.0,0.0,1.0,0.0,0.0,0.0,0.0,1.0,0.0,0.0,0.0,0.0,1.0,0.0,0.0,0.0,1.0,0.0,0.0,0.0,0.0,3.0
0.5602409638554218,0.6620689655172414,0.829310344827586,0.9629629629629646,0.6595744680851059,0.6674769081186194,0.2847222222222222,0.4758064516129034,0.7267759562841531,0.08125,0.5862068965517241,0.5510204081632655,0.0303030303030302,0.0555555555555555,0.6236367308469098,1.0,0.0,0.0,0.0,0.0,0.0,0.0,0.0,0.0,0.0,0.0,0.0,0.0,0.0,0.0,0.0,0.0,0.0,0.0,1.0,0.0,1.0,1.0,0.0,0.0,0.0,0.0,1.0,0.0,0.0,1.0,0.0,0.0,0.0,0.0,1.0,0.0,0.0,0.0,1.0,0.0,0.0,0.0,0.0,0.0,0.0,0.0,1.0,0.0,3.0
0.4819277108433735,0.3206896551724139,0.4931034482758623,0.333333333333333,0.0531914893617022,0.5337870685464268,0.4583333333333332,0.8548387096774195,1.0,0.0,0.6206896551724138,0.346938775510204,0.0909090909090909,0.1666666666666666,0.2563619227144204,0.0,0.0,0.0,1.0,0.0,0.0,0.0,0.0,0.0,0.0,0.0,0.0,0.0,0.0,0.0,0.0,0.0,0.0,0.0,1.0,0.0,1.0,0.0,1.0,0.0,0.0,1.0,0.0,0.0,0.0,1.0,0.0,0.0,0.0,0.0,1.0,0.0,0.0,0.0,0.0,1.0,0.0,0.0,0.0,0.0,0.0,1.0,0.0,0.0,5.0
0.1566265060240964,0.3137931034482761,0.374137931034483,0.0987654320987667,0.3510638297872335,0.1789013125911522,0.0555555555555554,0.524193548387097,0.5245901639344261,0.125,0.1034482758620689,0.2653061224489796,0.4242424242424243,0.5277777777777777,0.0535209371213141,0.0,0.0,0.0,0.0,0.0,0.0,0.0,0.0,0.0,0.0,0.0,0.0,0.0,0.0,0.0,1.0,0.0,0.0,0.0,1.0,1.0,0.0,1.0,0.0,0.0,0.0,0.0,1.0,0.0,0.0,1.0,0.0,0.0,0.0,0.0,1.0,0.0,0.0,0.0,0.0,1.0,0.0,0.0,0.0,1.0,0.0,0.0,0.0,0.0,2.0
0.4156626506024096,0.4068965517241381,0.5448275862068965,0.2469135802469138,0.3510638297872335,0.6135148274185707,0.3888888888888888,0.870967741935484,0.7814207650273226,0.14375,0.4206896551724138,0.2653061224489796,0.2424242424242424,0.3333333333333332,0.4147367712400699,0.0,0.0,0.0,0.0,0.0,0.0,0.0,0.0,0.0,0.0,0.0,0.0,0.0,0.0,0.0,1.0,0.0,0.0,0.0,1.0,1.0,0.0,0.0,1.0,1.0,0.0,0.0,0.0,0.0,0.0,0.0,1.0,0.0,0.0,0.0,1.0,0.0,0.0,0.0,0.0,1.0,0.0,0.0,0.0,0.0,0.0,0.0,1.0,0.0,4.0
0.1746987951807229,0.3689655172413792,0.4672413793103449,0.2345679012345689,0.6382978723404253,0.2946037919299951,0.048611111111111,0.379032258064516,0.7267759562841531,1.0,0.0896551724137931,0.1428571428571428,0.6363636363636365,0.6666666666666665,0.1395920290830752,0.0,0.0,0.0,0.0,0.0,0.0,0.0,0.0,0.0,0.0,0.0,0.0,0.0,0.0,0.0,0.0,1.0,0.0,1.0,0.0,0.0,1.0,1.0,0.0,0.0,0.0,0.0,1.0,0.0,0.0,1.0,0.0,0.0,0.0,0.0,1.0,0.0,0.0,0.0,0.0,1.0,0.0,0.0,0.0,0.0,1.0,0.0,0.0,0.0,4.0
0.0,0.5448275862068965,0.53448275862069,0.3580246913580245,0.5531914893617014,0.3728731161886243,0.1388888888888888,0.588709677419355,0.6994535519125684,0.96875,0.1241379310344827,0.1428571428571428,0.4242424242424243,0.4166666666666666,0.1800861720748619,0.0,0.0,0.0,0.0,0.0,0.0,0.0,0.0,0.0,0.0,0.0,0.0,0.0,0.0,0.0,1.0,0.0,0.0,1.0,0.0,0.0,1.0,1.0,0.0,0.0,0.0,0.0,1.0,0.0,0.0,1.0,0.0,0.0,0.0,0.0,1.0,0.0,0.0,0.0,0.0,1.0,0.0,0.0,0.0,0.0,1.0,0.0,0.0,0.0,1.0
0.3795180722891566,0.272413793103448,0.3568965517241382,0.0246913580246914,0.5106382978723403,0.1477880408361692,0.0902777777777777,0.3629032258064519,0.7650273224043718,0.93125,0.0,0.2653061224489796,0.8787878787878789,0.8888888888888888,0.0589403527669314,0.0,0.0,0.0,0.0,0.0,0.0,0.0,0.0,0.0,1.0,0.0,0.0,0.0,0.0,0.0,0.0,0.0,0.0,1.0,0.0,1.0,0.0,0.0,1.0,0.0,0.0,0.0,1.0,0.0,0.0,1.0,0.0,0.0,0.0,0.0,1.0,0.0,0.0,0.0,0.0,1.0,0.0,0.0,0.0,0.0,1.0,0.0,0.0,0.0,3.0
0.4156626506024096,0.4068965517241381,0.5448275862068965,0.2469135802469138,0.2446808510638289,0.4020418084589208,0.3888888888888888,0.870967741935484,0.7814207650273226,0.14375,0.4206896551724138,0.2653061224489796,0.2424242424242424,0.3333333333333332,0.104382657869934,0.0,0.0,0.0,0.0,0.0,0.0,0.0,0.0,0.0,0.0,0.0,0.0,0.0,0.0,0.0,1.0,0.0,0.0,0.0,1.0,1.0,0.0,0.0,1.0,0.0,1.0,0.0,0.0,0.0,0.0,0.0,1.0,0.0,0.0,0.0,1.0,0.0,0.0,0.0,0.0,1.0,0.0,0.0,0.0,0.0,0.0,0.0,1.0,0.0,4.0
0.0542168674698795,0.6103448275862067,0.7620689655172419,0.4444444444444455,0.829787234042553,0.6460865337870685,0.3541666666666666,1.0,0.5901639344262295,0.15625,0.4068965517241379,0.5102040816326532,0.2424242424242424,0.2777777777777777,0.3758920156186884,0.0,0.0,0.0,0.0,0.0,0.0,0.0,0.0,0.0,0.0,0.0,0.0,0.0,0.0,0.0,0.0,0.0,1.0,0.0,1.0,1.0,0.0,1.0,0.0,0.0,0.0,0.0,0.0,1.0,0.0,0.0,1.0,0.0,0.0,0.0,1.0,0.0,0.0,0.0,0.0,1.0,0.0,0.0,0.0,0.0,0.0,0.0,1.0,0.0,1.0
0.0542168674698795,0.6103448275862067,0.7620689655172419,0.4444444444444455,0.829787234042553,0.7019931939718036,0.2777777777777777,0.870967741935484,0.5901639344262295,0.03125,0.7379310344827587,0.3877551020408163,0.0303030303030302,0.111111111111111,0.4578564696378079,0.0,0.0,0.0,0.0,0.0,0.0,0.0,0.0,0.0,0.0,0.0,0.0,0.0,0.0,0.0,0.0,0.0,1.0,0.0,1.0,0.0,1.0,1.0,0.0,0.0,0.0,0.0,0.0,1.0,0.0,0.0,1.0,0.0,0.0,0.0,1.0,0.0,0.0,0.0,0.0,1.0,0.0,0.0,0.0,0.0,0.0,0.0,1.0,0.0,1.0
0.5120481927710843,0.4310344827586205,0.7241379310344827,0.3580246913580245,0.6808510638297873,0.4594069032571706,0.2152777777777776,0.806451612903226,0.5464480874316939,0.144375,0.3793103448275862,0.4489795918367345,0.1515151515151515,0.2777777777777777,0.2188636057627574,0.0,0.0,0.0,0.0,0.0,0.0,0.0,0.0,0.0,0.0,0.0,0.0,0.0,1.0,0.0,0.0,0.0,0.0,0.0,1.0,1.0,0.0,0.0,1.0,0.0,0.0,1.0,0.0,0.0,0.0,1.0,0.0,0.0,0.0,0.0,1.0,0.0,0.0,0.0,0.0,1.0,0.0,0.0,0.0,0.0,0.0,0.0,1.0,0.0,5.0
0.5,0.2448275862068967,0.2189655172413798,0.0246913580246914,0.0957446808510633,0.1234807972775887,0.0,0.3467741935483874,0.6338797814207651,0.15,0.0896551724137931,0.5510204081632655,0.4545454545454546,0.5555555555555556,0.029655311700552,0.0,0.0,0.0,1.0,0.0,0.0,0.0,0.0,0.0,0.0,0.0,0.0,0.0,0.0,0.0,0.0,0.0,0.0,0.0,1.0,1.0,0.0,1.0,0.0,0.0,0.0,1.0,0.0,0.0,0.0,1.0,0.0,0.0,0.0,0.0,1.0,0.0,0.0,0.0,0.0,1.0,0.0,0.0,0.0,1.0,0.0,0.0,0.0,0.0,3.0
0.2289156626506024,0.272413793103448,0.4413793103448276,0.0246913580246914,0.4042553191489357,0.1511910549343704,0.048611111111111,0.4919354838709679,0.6666666666666667,0.15,0.096551724137931,0.4285714285714286,0.4545454545454546,0.5277777777777777,0.0673555944526726,0.0,0.0,0.0,0.0,0.0,0.0,0.0,0.0,0.0,1.0,0.0,0.0,0.0,0.0,0.0,0.0,0.0,0.0,0.0,1.0,1.0,0.0,1.0,0.0,0.0,0.0,0.0,0.0,1.0,0.0,1.0,0.0,0.0,0.0,0.0,1.0,0.0,0.0,0.0,0.0,1.0,0.0,0.0,0.0,1.0,0.0,0.0,0.0,0.0,3.0
0.6204819277108435,0.272413793103448,0.4155172413793102,0.0493827160493829,0.3085106382978724,0.2853670393777345,0.0555555555555554,0.5645161290322585,0.5519125683060111,0.15,0.3931034482758621,0.9999999999999998,0.303030303030303,0.3055555555555554,0.1410394506530227,0.0,0.0,0.0,0.0,0.0,0.0,0.0,0.0,0.0,0.0,0.0,0.0,0.0,0.0,0.0,1.0,0.0,0.0,0.0,1.0,1.0,0.0,0.0,1.0,0.0,0.0,1.0,0.0,0.0,0.0,0.0,1.0,0.0,1.0,0.0,0.0,0.0,0.0,0.0,0.0,1.0,0.0,0.0,0.0,0.0,0.0,0.0,1.0,0.0,3.0
0.5783132530120483,0.7344827586206897,0.7258620689655171,0.5925925925925926,0.7446808510638299,0.6621293145357317,0.2083333333333332,0.741935483870968,0.0655737704918033,0.0875,0.2758620689655172,0.346938775510204,0.0909090909090909,0.1666666666666666,0.3444190117140163,0.0,0.0,0.0,0.0,0.0,0.0,0.0,0.0,0.0,0.0,1.0,0.0,0.0,0.0,0.0,0.0,0.0,0.0,0.0,1.0,1.0,0.0,1.0,0.0,0.0,0.0,0.0,1.0,0.0,0.0,0.0,1.0,0.0,0.0,1.0,0.0,0.0,0.0,0.0,0.0,1.0,0.0,0.0,0.0,0.0,0.0,0.0,1.0,0.0,2.0
0.1204819277108433,0.3413793103448275,0.5310344827586211,0.1975308641975308,0.4680851063829783,0.3655809431210501,0.1388888888888888,0.4919354838709679,0.825136612021858,0.125,0.3172413793103448,0.6734693877551019,0.2424242424242424,0.2777777777777777,0.255722364346304,0.0,0.0,0.0,0.0,1.0,0.0,0.0,0.0,0.0,0.0,0.0,0.0,0.0,0.0,0.0,0.0,0.0,0.0,0.0,1.0,1.0,0.0,1.0,0.0,0.0,0.0,0.0,1.0,0.0,0.0,1.0,0.0,0.0,0.0,0.0,1.0,0.0,0.0,0.0,0.0,1.0,0.0,0.0,0.0,0.0,0.0,0.0,1.0,0.0,2.0
0.1746987951807229,0.3689655172413792,0.4672413793103449,0.2345679012345689,0.6382978723404253,0.2853670393777345,0.1319444444444444,0.524193548387097,0.7267759562841531,0.1875,0.3103448275862069,0.5510204081632655,0.303030303030303,0.3888888888888888,0.1564225124545576,0.0,0.0,0.0,0.0,0.0,0.0,0.0,0.0,0.0,0.0,0.0,0.0,0.0,0.0,0.0,0.0,1.0,0.0,0.0,1.0,1.0,0.0,1.0,0.0,0.0,0.0,0.0,1.0,0.0,0.0,1.0,0.0,0.0,0.0,0.0,1.0,0.0,0.0,0.0,0.0,1.0,0.0,0.0,0.0,0.0,0.0,0.0,1.0,0.0,4.0
0.0,0.5448275862068965,0.53448275862069,0.3580246913580245,0.5531914893617014,0.3407875546912979,0.2222222222222222,0.620967741935484,0.8032786885245902,0.1062499999999999,0.2551724137931034,0.0204081632653061,0.3333333333333333,0.3888888888888888,0.1868183654234549,0.0,0.0,0.0,0.0,0.0,0.0,0.0,0.0,0.0,0.0,0.0,0.0,0.0,0.0,0.0,1.0,0.0,0.0,0.0,1.0,1.0,0.0,1.0,0.0,0.0,0.0,0.0,1.0,0.0,0.0,1.0,0.0,0.0,0.0,0.0,1.0,0.0,0.0,0.0,0.0,1.0,0.0,0.0,0.0,0.0,0.0,0.0,1.0,0.0,1.0
0.3795180722891566,0.272413793103448,0.3568965517241382,0.0246913580246914,0.5106382978723403,0.0996596985901798,0.048611111111111,0.4919354838709679,0.6666666666666667,0.15,0.096551724137931,0.4285714285714286,0.4545454545454546,0.5277777777777777,0.0437929177325972,0.0,0.0,0.0,0.0,0.0,0.0,0.0,0.0,0.0,1.0,0.0,0.0,0.0,0.0,0.0,0.0,0.0,0.0,0.0,1.0,1.0,0.0,0.0,1.0,0.0,0.0,0.0,1.0,0.0,0.0,1.0,0.0,0.0,0.0,0.0,1.0,0.0,0.0,0.0,0.0,1.0,0.0,0.0,0.0,1.0,0.0,0.0,0.0,0.0,3.0
0.7771084337349399,0.1620689655172413,0.4500000000000002,0.5308641975308648,0.0,0.6932425862907146,0.6319444444444444,0.7177419354838714,0.6557377049180328,0.0499999999999999,1.0,0.4285714285714286,0.0303030303030302,0.1388888888888888,0.4830685337282886,0.0,0.0,0.0,0.0,0.0,0.0,0.0,0.0,0.0,1.0,0.0,0.0,0.0,0.0,0.0,0.0,0.0,0.0,0.0,1.0,0.0,1.0,0.0,1.0,0.0,0.0,1.0,0.0,0.0,0.0,0.0,1.0,0.0,0.0,0.0,0.0,0.0,1.0,0.0,0.0,0.0,1.0,0.0,0.0,0.0,0.0,0.0,1.0,0.0,5.0
0.7951807228915664,0.5620689655172417,0.670689655172414,0.5061728395061733,0.2446808510638289,0.6334467671366066,0.5625,0.588709677419355,0.6994535519125684,0.14375,0.7310344827586207,0.4285714285714286,0.0909090909090909,0.1666666666666666,0.3584892958125757,0.0,0.0,0.0,0.0,0.0,0.0,0.0,0.0,0.0,0.0,0.0,0.0,0.0,0.0,0.0,1.0,0.0,0.0,0.0,1.0,1.0,0.0,0.0,1.0,0.0,0.0,1.0,0.0,0.0,0.0,0.0,1.0,0.0,1.0,0.0,0.0,0.0,0.0,0.0,0.0,0.0,1.0,0.0,0.0,0.0,0.0,0.0,1.0,0.0,5.0
0.2469879518072289,0.3413793103448275,0.3948275862068966,0.1975308641975308,0.3829787234042543,0.2542537676227516,0.1388888888888888,0.4919354838709679,0.825136612021858,0.125,0.2137931034482758,0.6734693877551019,0.3333333333333333,0.4166666666666666,0.0857344822943314,0.0,0.0,0.0,0.0,1.0,0.0,0.0,0.0,0.0,0.0,0.0,0.0,0.0,0.0,0.0,0.0,0.0,0.0,0.0,1.0,1.0,0.0,0.0,1.0,0.0,0.0,1.0,0.0,0.0,0.0,1.0,0.0,0.0,0.0,0.0,1.0,0.0,0.0,0.0,0.0,1.0,0.0,0.0,1.0,0.0,0.0,0.0,0.0,0.0,2.0
0.180722891566265,0.7758620689655169,0.7620689655172419,0.6543209876543221,0.6170212765957439,0.6023334953816237,0.3541666666666666,1.0,0.5901639344262295,0.15625,0.4068965517241379,0.5102040816326532,0.2121212121212121,0.2777777777777777,0.3870001346438669,0.0,0.0,0.0,0.0,0.0,0.0,0.0,0.0,0.0,0.0,0.0,0.0,0.0,0.0,0.0,0.0,0.0,1.0,0.0,1.0,1.0,0.0,1.0,0.0,0.0,0.0,0.0,1.0,0.0,0.0,0.0,1.0,0.0,0.0,0.0,1.0,0.0,0.0,0.0,0.0,1.0,0.0,0.0,0.0,0.0,0.0,0.0,1.0,0.0,1.0
0.4337349397590361,0.0,0.0,0.0370370370370372,0.1170212765957439,0.0515313563441905,0.0138888888888888,0.2983870967741939,0.7322404371584701,0.1374999999999999,0.1448275862068965,0.7551020408163265,0.4545454545454546,0.5555555555555556,0.050727076881648,0.0,0.0,0.0,0.0,1.0,0.0,0.0,0.0,0.0,0.0,0.0,0.0,0.0,0.0,0.0,0.0,0.0,0.0,0.0,1.0,1.0,0.0,0.0,1.0,0.0,0.0,1.0,0.0,0.0,0.0,1.0,0.0,0.0,0.0,0.0,1.0,0.0,0.0,0.0,0.0,1.0,0.0,0.0,1.0,0.0,0.0,0.0,0.0,0.0,4.0
0.536144578313253,0.2448275862068967,0.2189655172413798,0.0246913580246914,0.0957446808510633,0.1234807972775887,0.0,0.3467741935483874,0.6338797814207651,0.15,0.0896551724137931,0.5510204081632655,0.4545454545454546,0.5555555555555556,0.029655311700552,0.0,0.0,0.0,0.0,0.0,0.0,0.0,0.0,0.0,0.0,0.0,1.0,0.0,0.0,0.0,0.0,0.0,0.0,0.0,1.0,1.0,0.0,1.0,0.0,0.0,0.0,1.0,0.0,0.0,0.0,1.0,0.0,0.0,0.0,0.0,1.0,0.0,0.0,0.0,0.0,1.0,0.0,0.0,0.0,1.0,0.0,0.0,0.0,0.0,3.0
0.4156626506024096,0.4068965517241381,0.5448275862068965,0.2469135802469138,0.2446808510638289,0.4000972289742344,0.3888888888888888,0.870967741935484,0.7814207650273226,0.14375,0.4206896551724138,0.2653061224489796,0.2424242424242424,0.3333333333333332,0.1444392082940621,0.0,0.0,0.0,0.0,0.0,0.0,0.0,0.0,0.0,0.0,0.0,0.0,0.0,0.0,0.0,1.0,0.0,0.0,0.0,1.0,1.0,0.0,0.0,1.0,0.0,1.0,0.0,0.0,0.0,0.0,0.0,1.0,0.0,0.0,0.0,1.0,0.0,0.0,0.0,0.0,1.0,0.0,0.0,0.0,0.0,0.0,0.0,1.0,0.0,4.0
0.4337349397590361,0.3344827586206893,0.4793103448275864,0.2222222222222223,0.2021276595744678,0.3354399611084104,0.1388888888888888,0.5080645161290325,0.7595628415300548,0.03125,0.4206896551724138,0.5510204081632655,0.2121212121212121,0.3333333333333332,0.1323212602665948,0.0,0.0,0.0,0.0,0.0,0.0,0.0,0.0,1.0,0.0,0.0,0.0,0.0,0.0,0.0,0.0,0.0,0.0,0.0,1.0,1.0,0.0,1.0,0.0,0.0,0.0,0.0,1.0,0.0,0.0,1.0,0.0,0.0,0.0,0.0,1.0,0.0,0.0,0.0,0.0,1.0,0.0,0.0,0.0,0.0,0.0,0.0,0.0,1.0,1.0
0.2228915662650601,0.3655172413793104,0.4724137931034486,0.2222222222222223,0.2978723404255312,0.2318911035488575,0.125,0.870967741935484,0.3114754098360657,0.15625,0.1862068965517241,0.1020408163265305,0.3636363636363636,0.4166666666666666,0.0816951662851756,0.0,0.0,0.0,0.0,0.0,0.0,0.0,0.0,0.0,0.0,0.0,0.0,0.0,0.0,1.0,0.0,0.0,0.0,0.0,1.0,1.0,0.0,1.0,0.0,0.0,0.0,0.0,1.0,0.0,0.0,1.0,0.0,0.0,0.0,0.0,0.0,1.0,0.0,0.0,0.0,1.0,0.0,0.0,0.0,1.0,0.0,0.0,0.0,0.0,2.0
0.2469879518072289,0.3413793103448275,0.3948275862068966,0.1975308641975308,0.3829787234042543,0.2800194457948468,0.1388888888888888,0.4919354838709679,0.825136612021858,0.125,0.2137931034482758,0.6734693877551019,0.3333333333333333,0.4166666666666666,0.1261276423858892,0.0,0.0,0.0,0.0,1.0,0.0,0.0,0.0,0.0,0.0,0.0,0.0,0.0,0.0,0.0,0.0,0.0,0.0,0.0,1.0,1.0,0.0,0.0,1.0,0.0,0.0,1.0,0.0,0.0,0.0,1.0,0.0,0.0,0.0,0.0,1.0,0.0,0.0,0.0,0.0,1.0,0.0,0.0,1.0,0.0,0.0,0.0,0.0,0.0,2.0
0.5783132530120483,0.7344827586206897,0.7258620689655171,0.5925925925925926,0.7446808510638299,0.7214389888186681,0.4305555555555556,0.9354838709677424,0.7923497267759563,0.875,0.2758620689655172,0.0,0.3636363636363636,0.4166666666666666,0.26430591086576,0.0,0.0,0.0,0.0,0.0,0.0,0.0,0.0,0.0,0.0,1.0,0.0,0.0,0.0,0.0,0.0,0.0,0.0,1.0,0.0,0.0,1.0,1.0,0.0,0.0,0.0,0.0,1.0,0.0,0.0,0.0,1.0,0.0,0.0,1.0,0.0,0.0,0.0,0.0,0.0,1.0,0.0,0.0,0.0,0.0,1.0,0.0,0.0,0.0,2.0
0.108433734939759,0.2310344827586203,0.2189655172413798,0.0246913580246914,0.6382978723404253,0.256198347107438,0.125,0.870967741935484,0.3114754098360657,0.1062499999999999,0.1241379310344827,0.1020408163265305,0.303030303030303,0.361111111111111,0.0759054800053857,0.0,0.0,0.0,0.0,0.0,0.0,0.0,0.0,0.0,0.0,0.0,0.0,0.0,0.0,1.0,0.0,0.0,0.0,0.0,1.0,1.0,0.0,0.0,1.0,0.0,0.0,1.0,0.0,0.0,1.0,0.0,0.0,0.0,0.0,0.0,0.0,1.0,0.0,0.0,0.0,1.0,0.0,0.0,0.0,1.0,0.0,0.0,0.0,0.0,4.0
0.7409638554216869,0.5034482758620689,0.555172413793104,0.1481481481481479,0.4893617021276588,0.5114244044725329,0.5138888888888888,0.620967741935484,0.6120218579234973,0.125,0.4551724137931034,0.0408163265306122,0.1515151515151515,0.2777777777777777,0.5303958529688971,0.0,1.0,0.0,0.0,0.0,0.0,0.0,0.0,0.0,0.0,0.0,0.0,0.0,0.0,0.0,0.0,0.0,0.0,0.0,1.0,1.0,0.0,1.0,0.0,0.0,0.0,0.0,1.0,0.0,0.0,0.0,1.0,0.0,0.0,0.0,1.0,0.0,0.0,0.0,0.0,0.0,1.0,0.0,0.0,0.0,0.0,0.0,1.0,0.0,2.0
